[[  2   1   1   1   1   1   1   1   1   1   1   1   1   1   1   1   1   1
    1   1   1   1   1   1   1   1   1   1   1   1   1   1   1   1   1   1
    1   1   1   1   1   1   1   1   1   1   1   1   1   1   1   1   1   1
    1   1   1   1   1   1   1   1   1   1   1   1   1   1   1   1   1   1
    1   1   1   1   1   1   1   1   1   1   1   1   1   1   1   1   1   1
    1   1   1   1   1   1   1]
 [302 272  79  28  11  33   9  10   2   0   0   0   4  15  14  10  48   7
   11   4  12  13   9   8   4   7  18  16  21  11   2   8  10  12   8   9
    4   3   3   2   3   6   7   2   3   3   5   4   6   8  13  16   7  10
   10  12   3   3   2   4   6   3   1   3   1   6   5   6  11   7   8   3
   11   5   3   7   7   4   8   6   9   5   7   5   5   4   4   2   3   3
    6   1   1   2   1   0   0]
 [103  90  89   4   3   4   2   2   1   0   0   0   1   4   4   3   6   1
    2   1   2   7   2   2   2   1   2   4   4   2   1   1   4   4   3   1
    3   1   2   1   2   2   3   1   3   2   2   2   2   2   4   2   2   2
    2   2   1   1   1   1   1   1   1   1   1   2   2   2   5   2   3   1
    4   1   1   3   2   1   3   2   4   2   3   2   2   2   2   0   1   1
    2   1   1   2   1   0   0]
 [150  19   3 149  15  49   2   3   1   0   0   0   1   5   5   1  12   1
   11   6  13  17   4   4   2   3   4   5  10   7   1   8  11   9   7   5
    2   2   2   2   2   2   2   1   3   3   2   2   5   5   6   3   3   3
    3   3   2   3   1   3   2   2   2   2   2   1   1   1   1   3   3   1
    4   2   1   4   2   2   3   2   5   2   2   2   3   2   2   2   2   1
    1   1   1   2   1   0   1]
 [123   4   2  16 109   8   3  56   2   0   0   0   1   5   5   0   4   1
    7   4   8   8   2   4   2   2   1   8   2   3   1   2   6   5   2   5
    1  10   2   8   1   2   2   1   2   2   2   2   3   3   3   4   1   2
    1   3   1   1   2   3   1   7   1   7   1   0   0   1   0   3   2   1
    3   0   0   3   2   1   3   2   4   2   3   2   2   2   2   0   1   0
    0   0   0   0   0   1   1]
 [281  33   6  64  17 211  78  53   6   2   2   2   1   3   5   3  20   5
   13   6  10  15   9  10   5   2   7  10   9   7   2   6  17  11   6   6
    1   5   7   5   5   3   7   3   7   6   4   4   4   4   7   7   7   5
    4   7   2   2   3   5   4   6   4   5   4   4   3   3   5   4   6   2
    6   3   2   7   5   4   6   4   8   4   5   4   5   4   4   4   1   1
    3   2   2   4   3  10   0]
 [104  11   2   2   5  87  86   6   3   0   0   0   0   2   3   5   3   1
    2   0   2   6   3   4   3   1   2   2   3   2   1   1   4   3   2   2
    0   3   3   1   3   2   2   1   4   2   2   2   2   2   4   2   2   3
    1   2   1   1   1   1   1   1   2   1   2   2   2   2   4   2   3   1
    3   1   1   3   1   1   3   2   4   2   3   2   2   2   2   0   1   1
    2   1   1   2   1   0   0]
 [163   5   2   3  61  21   5 155  42   0   0   0   0   0   1   0   4   2
    2   1   4   8   4   6   4   0   3   3   5   5   2   0   3   6   4   4
    0   5   3   5   2   1   5   3   4   5   4   4   4   4   6   4   3   4
    3   5   2   2   2   3   3   2   1   2   1   1   1   1   1   3   4   2
    6   2   2   6   3   3   5   4   7   4   5   4   4   4   4   2   0   0
    1   1   1   2   2   0   0]
 [ 54   2   1   1   2   6   3  51  46   0   0   0   0   0   0   1   1   1
    0   0   1   3   2   3   2   0   0   0   1   2   1   0   0   2   2   1
    0   1   1   1   1   0   2   1   2   2   2   2   1   1   2   1   1   1
    1   2   1   1   1   1   1   0   0   0   0   0   0   0   0   1   2   1
    2   1   1   2   1   1   1   1   2   1   1   1   1   2   2   0   0   0
    1   1   1   2   1   0   0]
 [  0   0   0   0   0   0   0   0   0   1   0   0   0   0   0   0   0   0
    0   0   0   0   0   0   0   0   0   0   0   0   0   0   0   0   0   0
    0   0   0   0   0   0   0   0   0   0   0   0   0   0   0   0   0   0
    0   0   0   0   0   0   0   0   0   0   0   0   0   0   0   0   0   0
    0   0   0   0   0   0   0   0   0   0   0   0   0   0   0   0   0   0
    0   0   0   0   0   0   0]
 [  0   0   0   0   0   0   0   0   0   0   1   0   0   0   0   0   0   0
    0   0   0   0   0   0   0   0   0   0   0   0   0   0   0   0   0   0
    0   0   0   0   0   0   0   0   0   0   0   0   0   0   0   0   0   0
    0   0   0   0   0   0   0   0   0   0   0   0   0   0   0   0   0   0
    0   0   0   0   0   0   0   0   0   0   0   0   0   0   0   0   0   0
    0   0   0   0   0   0   0]
 [  0   0   0   0   0   0   0   0   0   0   0   1   0   0   0   0   0   0
    0   0   0   0   0   0   0   0   0   0   0   0   0   0   0   0   0   0
    0   0   0   0   0   0   0   0   0   0   0   0   0   0   0   0   0   0
    0   0   0   0   0   0   0   0   0   0   0   0   0   0   0   0   0   0
    0   0   0   0   0   0   0   0   0   0   0   0   0   0   0   0   0   0
    0   0   0   0   0   0   0]
 [  5   4   1   1   1   1   0   0   0   0   0   0   6   1   1   0   1   0
    2   0   0   0   0   0   0   1   1   0   0   0   0   0   0   0   0   0
    0   0   0   0   0   0   0   0   0   0   0   0   0   0   0   0   0   0
    0   0   0   0   0   0   0   0   0   0   0   0   0   0   0   0   0   0
    0   0   0   0   0   0   0   0   0   0   0   0   0   0   0   0   0   0
    0   0   0   0   0   0   0]
 [ 38  14   6   4   7   3   4   0   0   2   2   2   1  38   3   1   4   3
   10   5   3   3   0   0   1   1   2   2   4   0   1   3   2   0   0   0
    0   0   0   0   0   0   0   0   0   0   0   0   0   0   0   0   0   1
    1   1   0   0   0   0   0   0   0   0   0   0   0   1   0   0   0   0
    0   0   0   0   0   0   0   0   0   0   0   0   0   0   0   0   0   0
    0   0   0   0   0   1  10]
 [ 38  10   4   6   7   4   5   1   0   2   2   2   1   3  38   7   8   1
    6   4   1   5   1   1   2   1   3   1   3   0   0   1   2   1   0   0
    1   0   0   0   0   0   0   0   0   0   0   0   0   0   0   1   0   0
    0   2   0   0   0   0   0   0   0   0   0   0   0   0   1   0   0   0
    0   0   0   0   0   0   0   0   0   0   0   0   0   0   0   0   0   0
    0   0   0   0   0   0   0]
 [ 29   9   3   1   2   3   7   0   1   2   2   2   0   1   7  30   9   1
    4   3   1   4   2   3   3   0   1   1   4   1   1   1   0   0   0   0
    0   0   0   0   0   0   0   0   0   0   0   0   0   0   1   1   0   0
    0   1   0   0   0   0   0   0   0   0   0   0   0   0   0   0   0   0
    0   0   0   0   0   0   0   0   0   0   0   0   0   0   0   0   0   0
    0   0   0   0   0   0   0]
 [233  51   5  17   4  22   3  12   1   0   0   0   1   4   8   9 194  69
    7   3  12  12   9   9   8   3   7  10  10  13   4   2  10   7   4   9
    0   6   2   9   3   2   3   2   6   3   4   3   6  11  14   9   8   7
   10  11   2   4   4   2   1   6   1  12   2   2   2   2   4   3   4   2
    7   4   5   4   4   3   5   3   8   2   4   4   5   3   3   1   1   1
    3   1   1   3   2   0   0]
 [ 87   7   1   1   1   3   1   2   1   0   0   0   0   1   1   1  78  78
    7   0   2   3   2   2   2   1   2   3   3   2   1   0   2   3   3   3
    0   1   2   1   1   2   2   2   3   2   2   2   2   2   4   2   2   3
    2   2   1   1   1   1   1   1   1   1   1   2   2   2   4   2   3   1
    3   1   1   3   2   1   3   2   4   2   3   2   2   2   2   0   1   1
    2   1   1   2   1   0   0]
 [132  15   2  23  17  18   2  12   0   0   0   0   2   9   6   3  11   7
   66   9  20   6   1   4   0   3   4   8   3   0   0  11   5   3   1   3
    0   4   0   2   0   4   0   1   0   0   0   0   1   1   3   5   1   3
    3   8  15   0   0  11   0   0   0   0   0   0   0   0   1   1   1   0
    2   0   2   1   0   1   1   0   1   1   1   1   1   2   2   0   1   1
    3   6   6   0   1   1   1]
 [ 24   4   1   7   6   4   0   4   0   0   0   0   0   3   3   1   3   0
   10  18   3   1   0   2   0   1   0   0   0   0   0   2   2   2   0   2
    0   1   0   1   0   0   0   0   0   0   0   0   0   0   0   0   0   0
    0   0   0   0   0   0   0   0   0   0   0   0   0   0   0   0   0   0
    0   0   0   0   0   0   0   0   0   0   0   0   0   0   0   0   0   0
    0   0   0   0   0   0   1]
 [ 77  11   2  13  11  11   2   9   1   0   0   0   0   3   1   1  12   2
   20   2  68  14   1   0   0   2   1   8   3   3   1   1   2   3   1   1
    1   0   0   0   0   3   3   1   0   0   0   0   2   2   5   1   1   2
    1   5   1   0   0   7   0   1   1   0   0   0   0   0   2   2   1   0
    3   0   0   1   0   4   3   0   2   1   1   1   1   2   2   0   0   0
    1   1   1   0   0   0   0]
 [114  17   6  22  14  18   5  16   3   0   0   0   0   3   5   4  14   3
    4   1  14  61   8   7   1   2   2   3   3   5   1   1   2   1   0   2
    0   6   5   9   2   3   0   0   4   2   1   0   6   2   0   3   3   1
    0   1   1   0   1   0   0  15   2   3   0   0   0   0   0   0   0   0
    0   0   0   2   3   0   0   0   0   2   0   2   0   0   0   0   0   0
    0   0   0   0   0   0   0]
 [ 35  11   2   4   2   9   3   7   2   0   0   0   0   0   1   2   9   2
    1   0   1   8  33   1  12   1   1   1   2   2   1   0   1   2   0   0
    0   0   0   0   0   0   1   0   1   3   1   0   0   0   0   0   1   0
    0   0   0   0   0   0   3   0   0   0   0   0   0   0   0   0   0   0
    0   0   0   0   1   0   0   0   0   0   0   0   0   0   0   0   0   0
    0   0   0   0   0   0   0]
 [ 49  10   2   4   4  10   4   6   3   0   0   0   0   0   1   3  10   2
    2   2   0   7   1  40  14   1   1   2   2   0   0   0   0   1   0   0
    0  14   2   2   0   0   0   1   0   0   0   2   2   2   0   1   0   0
    0   0   1   1   1   1   0   2   0   2   0   0   0   0   0   0   0   0
    0   0   0   0   0   0   0   0   0   0   0   0   0   0   0   0   0   0
    0   0   0   0   0   0   0]
 [ 32   4   2   2   2   5   3   4   2   0   0   0   0   1   2   3   8   2
    0   0   0   1  12  16  30   2   2   2   2   1   1   0   0   0   0   0
    0   1   0   0   0   0   0   0   0   0   0   2   1   1   0   0   0   0
    0   0   1   1   1   1   0   0   0   0   0   0   0   0   0   0   0   0
    0   0   0   0   0   0   0   0   0   0   0   0   0   0   0   0   0   0
    0   0   0   0   0   0   0]
 [ 22   7   1   3   2   2   1   0   0   0   0   0   1   1   1   0   3   1
    3   1   2   2   1   1   2  23  12   0   1   1   0   1   0   0   0   0
    0   0   0   0   0   0   0   0   0   0   0   0   0   0   0   0   0   1
    1   5   0   0   0   0   0   0   0   0   0   1   1   1   1   0   0   0
    0   0   0   0   0   0   0   0   0   0   0   0   0   0   0   0   0   0
    0   0   0   0   0   0   2]
 [ 49  19   2   4   1   6   2   5   0   0   0   0   1   2   4   1   7   2
    4   0   1   2   1   1   2  12  46   9   0   0   0   6   2   0   0   0
    5   1   1   0   0   1   0   0   0   0   0   0   0   0   0   1   0   3
    2   5   0   0   0   0   0   0   0   0   0   1   4   2   2   1   1   1
    0   0   0   0   0   0   0   0   0   0   0   0   0   0   0   1   0   0
    0   0   0   0   0   0   0]
 [ 96  16   3   8   9  11   2   9   0   0   0   0   0   2   1   1  12   3
    3   0   7   2   1   3   2   0   9  76  28   2   0   1   5   4   0   1
    1   3   1   0   0   0   0   0   0   0   0   2   1   1   2   4   0   3
    1   6   1   1   1  12   0   1   1   1   1   0   0   0   1   5   6   1
    6   2   3   0   0   0   1   0   0   1   1   1   1   2   2   0   1   1
    2   1   1   2   6   0   0]
 [ 90  22   4  11   2  10   3  10   1   0   0   0   0   4   3   4  11   3
    3   0   3   3   2   2   2   1   0  33  73  10   1   0   2   1   2   1
    2   1   0   1   0   0   1   2   1   1   0   2   2   1   3   4   0   5
    4   3   1   1   1   2   1   3   1   1   1   0   0   0   1   1   2   1
    4   3   1   0   0   0   1   2   0   2   1   1   1   2   2   0   1   1
    2   1   1   7   1   0   0]
 [ 86  15   2  10   4   9   2   9   2   0   0   0   0   0   0   1  14   2
    0   0   3   3   2   1   1   1   0   4  10  50  17   0   0   1   2   1
    0   3   0   3   0   0   0   0   1   0   0   3   8   4   3   6   0   1
    0   2  16   1   1   0   0  12   2   3   1   0   0   0   0   0   0   0
    0   0   0   0   0   0   2   0   0   2   3   0   0   1   0   0   0   0
    0   1   0   7   0   0   0]
 [ 20   2   1   1   1   2   1   2   1   0   0   0   0   1   0   1   4   1
    0   0   1   1   1   0   1   0   0   0   1  17  20   0   0   0   0   0
    0   0   0   0   0   0   0   0   0   0   0   2   1   1   1   2   0   1
    0   0   1   1   1   0   0   1   1   1   1   0   0   0   0   0   0   0
    0   0   0   0   0   0   0   0   0   0   0   0   0   0   0   0   0   0
    0   0   0   0   0   0   0]
 [ 30   5   1   8   3   6   1   4   0   0   0   0   0   3   1   1   2   0
    6   1   0   0   0   0   0   1   6   2   0   0   0  26   5   0   0   0
    1   0   0   0   0   0   0   0   0   0   0   0   0   0   0   0   0   0
    2   2   0   0   0   0   0   0   0   0   0   0   2   3   1   0   0   0
    0   0   0   0   0   0   0   0   0   0   0   0   0   0   0   5   0   0
    0   0   0   0   0   0   0]
 [ 60  12   4  14   7  19   4   9   0   0   0   0   0   2   2   0  12   2
    5   2   2   2   1   0   0   0   2   6   2   0   0   5  43   4   0   5
    1   0   0   0   0   3   0   0   0   0   0   0   0   0   0   0   3   1
    1   1   0   0   2   0   0   0   0   0   0   0   0   1   0   2   3   1
    0   2   0   0   0   0   0   0   2   0   0   0   0   0   0   1   0   0
    0   0   0   6   6   0   0]
 [ 45  15   4   9   6   9   3   9   2   0   0   0   0   0   0   0   6   3
    2   0   3   0   2   1   0   0   0   4   1   1   0   0   4  41   3   1
    0   2   1   1   0   1   8   6   0   0   0   0   0   0   2   0   0   0
    0   0   1   0   0   2   2   0   0   1   0   0   0   0   0   0   1   0
    0   0   0   0   0   0   0   0   0   0   0   0   0   0   0   0   0   0
    0   1   0   0   0   0   0]
 [ 48  11   3   9   2   7   2   9   2   0   0   0   0   0   0   0   4   3
    1   0   1   0   0   0   0   0   0   0   2   2   0   0   0   3  28   7
    0   2   0   1   3   0   2   1   0   0   7   0   1   5   0   1   0   0
    0   0   0   1   0   0   0   2   0  11   1   0   0   0   0   0   0   0
    0   0   0   0   0   0   0   2   0   0   2   0   0   0   0   0   0   0
    0   0   0   0   0   0   0]
 [ 37  14   1   6   5   6   2   6   1   0   0   0   0   0   0   0   8   3
    2   1   1   2   0   0   0   0   0   2   1   1   0   0   5   1   7  31
    1   0   0   0   0   1   1   1   0   0   0   0   0   0   0   1   1   0
    0   0   0   1   1   0   0   0   0   0   0   0   0   0   0   0   0   3
    0   0   0   0   0   0   0   0   0   0   0   0   0   0   0   0   0   0
    0   0   0   7   0   0   0]
 [ 14   6   3   2   1   1   0   1   0   0   0   0   0   0   1   0   0   0
    0   0   1   0   0   0   0   0   5   1   2   0   0   1   1   0   0   1
   14   0   0   0   0   0   0   0   0   0   0   0   0   0   0   0   0   0
    0   0   0   0   0   0   0   0   0   0   0   0   1   3   1   0   0   1
    1   0   0   0   0   0   0   0   0   0   0   0   0   0   0   0   0   0
    0   0   0   0   0   0   0]
 [ 33   2   1   2   4   4   1   4   1   0   0   0   0   0   0   0   3   1
    1   1   0   0   0   7   0   0   1   2   1   0   0   0   0   2   0   0
    0  34  12   1   0   0   1   1   0   0   0   2   2   2   1   2   0   0
    0   0   1   1   1   1   0   1   0   1   0   0   0   0   0   0   0   0
    0   0   0   0   0   0   0   0   0   0   0   0   0   0   0   0   0   0
    0   0   0   0   0   0   0]
 [ 21   3   1   2   2   3   2   2   1   0   0   0   0   0   0   0   2   1
    0   0   0   0   0   2   0   0   1   1   0   0   0   0   0   1   0   0
    0  14  20   0   0   0   1   0   0   0   0   2   1   1   1   1   0   0
    0   0   1   1   1   1   0   0   0   0   0   0   0   0   0   0   0   0
    0   0   0   0   0   0   0   0   0   0   0   0   0   0   0   0   0   0
    0   0   0   0   0   0   0]
 [ 22   2   1   2   3   3   1   3   1   0   0   0   0   0   0   0   1   1
    1   0   0   0   0   0   0   0   0   0   1   1   0   0   0   0   0   0
    0   1   0  23   9   0   0   0   0   0   0   2   1   1   1   1   0   0
    0   0   1   0   0   0   0   1   0   1   0   0   0   0   0   0   0   0
    0   0   0   0   0   0   0   0   0   0   0   0   0   0   0   0   0   0
    0   0   0   0   0   0   0]
 [ 15   3   1   2   1   2   1   2   1   0   0   0   0   0   0   0   1   1
    0   0   0   0   0   0   0   0   0   0   0   0   0   0   0   0   0   0
    0   0   0  10  15   0   0   0   0   0   0   2   1   1   1   1   0   0
    0   0   1   0   0   0   0   0   0   0   0   0   0   0   0   0   0   0
    0   0   0   0   0   0   0   0   0   0   0   0   0   0   0   0   0   0
    0   0   0   0   0   0   0]
 [ 13   8   2   1   2   2   1   1   0   0   0   0   0   0   0   0   2   2
    1   0   1   0   0   0   0   0   1   0   0   0   0   0   3   1   0   1
    0   0   0   0   0  14   1   0   0   0   0   0   0   0   0   0   0   0
    0   0   0   0   0   0   0   0   0   0   0   0   0   0   0   0   0   0
    0   0   0   0   0   0   0   0   0   0   0   0   0   0   0   0   0   0
    0   0   0   0   0   0   0]
 [ 23   7   3   2   2   6   2   7   2   0   0   0   0   0   0   0   3   2
    0   0   2   0   0   0   0   0   0   0   1   0   0   0   0   8   2   1
    0   1   1   0   0   1  24   0   0   6   1   0   0   0   0   0   0   0
    0   0   0   0   0   1   0   0   0   0   0   0   0   0   0   0   0   0
    0   0   0   0   0   0   0   0   0   0   0   0   0   0   0   0   0   0
    0   0   0   0   0   0   0]
 [ 12   2   1   1   1   3   1   3   1   0   0   0   0   0   0   0   2   2
    1   0   1   0   0   1   0   0   0   0   2   0   0   0   0   6   1   1
    0   1   0   0   0   0   0  13   0   0   0   0   0   0   0   0   0   0
    0   0   0   0   0   0   0   0   0   0   0   0   0   0   0   0   0   0
    0   0   0   0   0   0   0   0   0   0   0   0   0   0   0   0   0   0
    0   0   0   0   0   0   0]
 [ 19   3   2   3   2   6   3   4   2   0   0   0   0   0   0   0   3   2
    0   0   0   0   1   0   0   0   0   0   1   1   0   0   0   0   0   0
    0   0   0   0   0   0   0   0  20   6   6   0   0   0   0   0   0   0
    0   0   0   0   0   0   0   0   0   0   0   0   0   0   0   0   0   0
    0   0   0   0   0   0   0   0   0   0   0   0   0   0   0   0   0   0
    0   0   0   0   0   0   0]
 [ 16   3   2   3   2   5   2   5   2   0   0   0   0   0   0   0   3   2
    0   0   0   1   2   0   0   0   0   0   1   0   0   0   0   0   0   0
    0   0   0   0   0   0   6   0   6  17   0   0   0   0   0   0   0   0
    0   0   0   0   0   0   0   0   0   0   0   0   0   0   0   0   0   0
    0   0   0   0   0   0   0   0   0   0   0   0   0   0   0   0   0   0
    0   0   0   0   0   0   0]
 [ 16   5   2   2   2   4   2   4   2   0   0   0   0   0   0   0   4   2
    0   0   0   1   1   0   0   0   0   0   0   0   0   0   0   0   7   0
    0   0   0   0   0   0   1   0   6   0  17   0   0   0   0   0   0   0
    0   0   0   0   0   0   0   0   0   0   0   0   0   0   0   0   0   0
    0   0   0   0   0   0   0   0   0   0   0   0   0   0   0   0   0   0
    0   0   0   0   0   0   0]
 [ 33   4   2   2   2   4   2   4   2   0   0   0   0   0   0   0   3   2
    0   0   0   0   0   2   2   0   0   2   2   3   2   0   0   0   0   0
    0   2   2   2   2   0   0   0   0   0   0  32  16  16   2   2   0   0
    0   0   2   0   0   0   0   2   2   2   2   0   0   0   0   0   0   0
    0   0   0   0   0   0   0   0   0   0   0   0   0   0   0   0   0   0
    0   0   0   0   0   0   0]
 [ 43   7   2   6   3   4   2   7   1   0   0   0   0   0   0   0   6   2
    0   0   2   2   0   1   1   0   0   2   2   3   1   0   0   0   0   0
    0   2   1   1   1   0   0   0   0   0   0  17  36   1   6   1   0   0
    0   0   2   0   0   0   0   3   1   2   1   0   0   0   0   0   0   0
    0   0   0   0   0   0   2   0   0   2   0   0   0   1   0   0   0   0
    0   7   0   0   0   0   0]
 [ 43   9   2   6   3   4   2   6   1   0   0   0   0   0   0   0   8   2
    0   0   2   1   0   1   1   0   0   2   1   2   1   0   0   0   1   0
    0   2   1   1   1   0   0   0   0   0   0  17   1  37   6   1   0   0
    0   0   1   1   0   0   0   2   1   3   1   0   0   0   0   0   0   0
    0   0   0   0   0   0   0   0   1   0   0   3   1   0   1   0   0   0
    0   0   7   0   0   0   0]
 [ 58  12   4   6   3   7   4   7   2   0   0   0   0   0   0   1  13   4
    3   0   5   0   0   0   0   0   0   2   3   3   1   0   0   1   0   0
    0   1   1   1   1   0   0   0   0   0   0   2   6   6  55  24   6   2
    1   2   1   1   1   1   0   1   1   1   1   0   0   0   0   1   1   0
    3   0   0   0   0   3   1   1   1   0   1   1   0   0   0   0   0   0
    2   0   0   0   0   0   0]
 [ 58  13   2   4   4   6   2   6   1   0   0   0   0   0   1   1   8   2
    3   0   1   2   0   0   0   0   1   3   4   4   2   0   0   0   0   1
    0   2   1   1   1   0   0   0   0   0   0   2   1   1  22  56   2  10
    2   3   1   1   1   3   1   2   1   2   1   0   0   0   0   1   1   0
    2   0   0   3   1   0   1   0   0   0   0   0   0   0   0   0   1   1
    2   0   0   0   0   0   0]
 [ 23   9   2   3   1   7   2   3   1   0   0   0   0   0   0   0   8   2
    1   0   1   3   1   0   0   0   0   0   0   0   0   0   3   0   0   1
    0   0   0   0   0   0   0   0   0   0   0   0   0   0   6   2  24   2
    3   0   0   0   0   0   0   0   0   0   0   0   0   0   0   0   0   0
    0   0   0   0   4   1   0   0   1   0   0   0   0   0   0   0   0   0
    0   0   0   0   0   0   0]
 [ 38  12   2   3   3   4   3   4   1   0   0   0   0   1   0   0   7   3
    2   0   2   1   0   0   0   1   3   3   4   1   1   0   1   0   0   0
    0   0   0   0   0   0   0   0   0   0   0   0   0   0   2  10   2  38
    3  15   0   0   0   0   0   0   0   0   0   0   0   0   0   1   1   0
    3   1   0   0   3   0   0   0   0   0   0   0   0   0   0   0   0   0
    0   0   0   0   0   0   0]
 [ 32  12   2   3   1   3   1   3   1   0   0   0   0   1   0   0  10   2
    2   0   1   0   0   0   0   1   2   1   3   0   0   2   1   0   0   0
    0   0   0   0   0   0   0   0   0   0   0   0   0   0   1   2   3   3
   31  16   1   1   1   1   0   0   0   0   0   0   0   0   0   0   0   0
    1   1   1   0   0   1   0   0   0   0   0   0   0   0   0   1   0   0
    0   0   0   0   0   0   0]
 [ 50  12   2   3   3   6   2   6   2   0   0   0   0   1   2   1  11   2
    5   0   5   1   0   0   0   5   5   4   3   1   0   2   1   0   0   0
    0   0   0   0   0   0   0   0   0   0   0   0   0   0   2   3   0  13
   12  50   1   1   1   1   0   0   0   0   0   0   0   1   4   2   2   1
    3   1   1   0   0   0   0   0   0   0   0   0   0   0   0   0   0   0
    0   0   0   0   0   0   0]
 [ 21   3   0   3   1   1   0   1   0   0   0   0   0   0   0   0   2   0
    0   0   1   0   0   1   0   0   0   1   0   1   0   0   0   1   0   0
    0   1   0   1   0   0   0   0   0   0   0   0   2   1   0   1   0   0
    0   1  20   0   0   0   0   0   2   0   0   0   0   0   0   0   0   0
    0   0   0   0   0   0   0   0   0   0   0   0   0   0   0   0   0   0
    0   0   0   0   0   0   0]
 [ 19   3   1   4   1   2   1   3   1   0   0   0   0   0   0   0   3   1
    0   0   0   0   0   1   1   0   0   1   1   1   1   0   0   0   0   1
    0   1   1   0   0   0   0   0   0   0   0   0   0   1   1   1   0   0
    1   1   0  17  12   0   0   0   0   0   2   0   0   0   0   0   0   0
    0   0   0   0   0   0   0   0   0   0   0   0   2   0   0   0   0   0
    0   0   0   0   0   0   0]
 [ 16   2   1   1   2   2   1   2   1   0   0   0   0   0   0   0   4   1
    0   0   0   0   0   1   1   0   0   1   1   1   1   0   1   0   0   1
    0   1   1   0   0   0   0   0   0   0   0   0   0   0   1   1   0   0
    1   1   0  12  17   0   0   0   0   0   0   0   0   0   0   0   0   0
    0   0   0   0   0   0   0   0   0   0   0   0   0   0   0   0   0   0
    0   0   0   1   0   0   0]
 [ 34   4   0   5   4   6   0   4   0   0   0   0   0   0   0   0   3   0
    0   0   6   0   0   1   0   0   0   2   1   0   0   0   0   1   0   0
    0   2   0   0   0   0   1   0   0   0   0   0   0   0   1   8   0   0
    0   2   0   0   0  22   6   1   0   1   0   0   0   0   0   1   0   0
    1   0   0   0   0   0   0   0   0   0   0   0   0   0   0   0   0   0
    1   0   0   0   0   0   0]
 [ 10   1   0   2   1   2   0   2   0   0   0   0   0   0   0   0   1   0
    0   0   0   0   2   0   0   0   0   0   1   0   0   0   0   1   0   0
    0   0   0   0   0   0   0   0   0   0   0   0   0   0   0   1   0   0
    0   0   0   0   0   0  11   0   0   0   0   0   0   0   0   0   0   0
    0   0   0   0   0   0   0   0   0   0   0   0   0   0   0   0   0   0
    0   0   0   0   0   0   0]
 [ 26   2   1   2   2   3   1   1   0   0   0   0   0   0   0   0   2   1
    0   0   1   1   0   0   0   0   0   1   1   2   1   0   0   0   0   0
    0   1   0   1   0   0   0   0   0   0   0   2   3   2   1   2   0   0
    0   0   0   0   0   0   0  27  11   1   0   0   0   0   0   0   0   0
    0   0   0   0   0   0   0   0   0   0   0   0   0   0   0   0   0   0
    0   0   0   0   0   0   0]
 [ 14   1   1   2   1   2   1   1   0   0   0   0   0   0   0   0   1   1
    0   0   1   1   0   0   0   0   0   1   1   1   1   0   0   0   0   0
    0   0   0   0   0   0   0   0   0   0   0   2   1   1   1   1   0   0
    0   0   0   0   0   0   0  11  15   0   0   0   0   0   0   0   0   0
    0   0   0   0   0   0   0   0   0   0   0   0   0   0   0   0   0   0
    0   0   0   0   0   0   0]
 [ 23   2   1   2   2   3   1   1   0   0   0   0   0   0   0   0   1   1
    0   0   0   0   0   0   0   0   0   1   1   1   1   0   0   0   0   0
    0   1   0   1   0   0   0   0   0   0   0   2   2   3   1   2   0   0
    0   0   0   0   0   0   0   1   0  24  10   0   0   0   0   0   0   0
    0   0   0   0   0   0   0   0   0   0   0   0   0   0   0   0   0   0
    0   0   0   0   0   0   0]
 [ 13   1   1   2   1   2   1   1   0   0   0   0   0   0   0   0   1   1
    0   0   0   0   0   0   0   0   0   1   1   1   1   0   0   0   0   0
    0   0   0   0   0   0   0   0   0   0   0   2   1   1   1   1   0   0
    0   0   0   0   0   0   0   0   0  10  14   0   0   0   0   0   0   0
    0   0   0   0   0   0   0   0   0   0   0   0   0   0   0   0   0   0
    0   0   0   0   0   0   0]
 [ 12   6   2   1   0   4   2   1   0   0   0   0   0   0   0   0   2   2
    0   0   0   0   0   0   0   1   1   0   0   0   0   0   0   0   0   0
    0   0   0   0   0   0   0   0   0   0   0   0   0   0   0   0   0   0
    0   0   0   0   0   0   0   0   0   0   0  13   4   4   0   0   0   0
    0   0   0   0   0   0   0   0   0   0   0   0   0   0   0   3   0   0
    0   0   0   0   0   0   0]
 [ 14   7   2   1   0   2   2   1   0   0   0   0   0   0   0   0   2   2
    0   0   0   0   0   0   0   1   3   0   0   0   0   1   0   0   0   0
    1   0   0   0   0   0   0   0   0   0   0   0   0   0   0   0   0   0
    0   0   0   0   0   0   0   0   0   0   0   4  15   2   4   0   0   0
    0   0   0   0   0   0   0   0   0   0   0   0   0   0   0   0   0   0
    0   0   0   0   0   0   0]
 [ 16   8   2   1   1   2   2   1   0   0   0   0   0   1   0   0   2   2
    0   0   0   0   0   0   0   1   2   0   0   0   0   2   1   0   0   0
    2   0   0   0   0   0   0   0   0   0   0   0   0   0   0   0   0   0
    0   1   0   0   0   0   0   0   0   0   0   4   2  17   4   0   0   0
    0   0   0   0   0   0   0   0   0   0   0   0   0   0   0   0   0   0
    0   0   0   0   0   0   0]
 [ 24  11   5   1   0   4   4   1   0   0   0   0   0   0   1   0   4   4
    1   0   1   0   0   0   0   1   2   1   1   0   0   1   0   0   0   0
    1   0   0   0   0   0   0   0   0   0   0   0   0   0   0   0   0   0
    0   3   0   0   0   0   0   0   0   0   0   0   4   4  25   4   4   0
    1   0   0   0   0   0   0   0   0   0   0   0   0   0   0   0   0   0
    0   0   0   0   0   0   0]
 [ 25   9   2   3   3   3   2   3   1   0   0   0   0   0   0   0   3   2
    1   0   2   0   0   0   0   0   1   4   1   0   0   0   1   0   0   0
    0   0   0   0   0   0   0   0   0   0   0   0   0   0   1   1   0   1
    0   2   0   0   0   1   0   0   0   0   0   0   0   0   4  26   2   0
   11   1   0   0   0   0   0   0   0   0   0   0   0   0   0   0   1   0
    0   0   0   0   0   0   0]
 [ 31  10   3   3   2   5   3   4   2   0   0   0   0   0   0   0   4   3
    1   0   1   0   0   0   0   0   1   5   2   0   0   0   2   1   0   0
    0   0   0   0   0   0   0   0   0   0   0   0   0   0   1   1   0   1
    0   2   0   0   0   0   0   0   0   0   0   0   0   0   4   2  32   1
   11   7   0   0   0   0   0   0   0   0   0   0   0   0   0   0   0   0
    0   0   0   0   0   0   0]
 [ 11   3   1   1   1   1   1   2   1   0   0   0   0   0   0   0   2   1
    0   0   0   0   0   0   0   0   0   1   1   0   0   0   1   0   0   2
    1   0   0   0   0   0   0   0   0   0   0   0   0   0   0   0   0   0
    0   1   0   0   0   0   0   0   0   0   0   0   0   0   0   0   1  12
    0   0   6   0   0   0   0   0   0   0   0   0   0   0   0   0   0   0
    0   0   0   0   0   0   0]
 [ 42  13   4   4   3   6   3   6   2   0   0   0   0   0   0   0   7   3
    2   0   3   0   0   0   0   0   0   6   4   0   0   0   0   0   0   0
    1   0   0   0   0   0   0   0   0   0   0   0   0   0   3   2   0   3
    1   3   0   0   0   1   0   0   0   0   0   0   0   0   1  11  11   0
   43   2   1   5   0   0   0   0   0   0   0   0   0   0   0   0   1   1
    0   0   0   0   1   0   0]
 [ 19  10   1   2   0   2   1   2   1   0   0   0   0   0   0   0   4   1
    0   0   0   0   0   0   0   0   0   2   2   0   0   0   1   0   0   0
    0   0   0   0   0   0   0   0   0   0   0   0   0   0   0   0   0   1
    1   1   0   0   0   0   0   0   0   0   0   0   0   0   0   1   7   0
    2  19   2   0   1   0   0   0   0   0   0   0   0   0   0   0   0   0
    0   0   0   0   0   0   0]
 [ 13   5   1   1   0   1   1   2   1   0   0   0   0   0   0   0   3   1
    0   0   0   0   0   0   0   0   0   1   1   0   0   0   0   0   0   0
    0   0   0   0   0   0   0   0   0   0   0   0   0   0   0   0   0   0
    1   1   0   0   0   0   0   0   0   0   0   0   0   0   0   0   0   6
    1   2  14   0   0   0   0   0   0   0   0   0   0   0   0   0   0   0
    0   0   0   0   0   0   0]
 [ 24   7   3   4   3   6   3   6   2   0   0   0   0   0   0   0   4   3
    1   0   1   1   0   0   0   0   0   0   0   0   0   0   0   0   0   0
    0   0   0   0   0   0   0   0   0   0   0   0   0   0   0   2   0   0
    0   0   0   0   0   0   0   0   0   0   0   0   0   0   0   0   0   0
    5   0   0  25   0   0   9   7   0   0   0   0   0   0   0   0   0   0
    0   0   0   0   0   0   0]
 [ 19   9   1   2   2   4   1   3   1   0   0   0   0   0   0   0   4   2
    0   0   0   2   1   0   0   0   0   0   0   0   0   0   0   0   0   0
    0   0   0   0   0   0   0   0   0   0   0   0   0   0   0   1   4   2
    0   0   0   0   0   0   0   0   0   0   0   0   0   0   0   0   0   0
    0   0   0   0  20   2   0   1   7   0   0   0   0   0   0   0   0   0
    0   0   0   0   0   0   0]
 [ 15   5   1   2   1   3   1   3   1   0   0   0   0   0   0   0   3   1
    1   0   2   0   0   0   0   0   0   0   0   0   0   0   0   0   0   0
    0   0   0   0   0   0   0   0   0   0   0   0   0   0   1   0   1   0
    1   0   0   0   0   0   0   0   0   0   0   0   0   0   0   0   0   0
    0   0   0   0   2  16   0   0   8   0   0   0   0   0   0   0   0   0
    0   0   0   0   0   0   0]
 [ 27   8   3   3   3   5   3   5   1   0   0   0   0   0   0   0   5   3
    1   0   2   0   0   0   0   0   0   1   1   2   0   0   0   0   0   0
    0   0   0   0   0   0   0   0   0   0   0   0   1   0   1   1   0   0
    0   0   0   0   0   0   0   0   0   0   0   0   0   0   0   0   0   0
    0   0   0   9   0   0  28   1   1   5   5   0   0   0   0   0   0   0
    0   0   0   0   0   0   0]
 [ 18   6   2   2   2   3   2   4   1   0   0   0   0   0   0   0   3   2
    0   0   0   0   0   0   0   0   0   0   1   0   0   0   0   0   1   0
    0   0   0   0   0   0   0   0   0   0   0   0   0   0   1   0   0   0
    0   0   0   0   0   0   0   0   0   0   0   0   0   0   0   0   0   0
    0   0   0   7   1   0   1  19   1   0   5   0   0   0   0   0   0   0
    0   0   0   0   0   0   0]
 [ 33   9   4   5   4   7   4   7   2   0   0   0   0   0   0   0   6   4
    1   0   2   0   0   0   0   0   0   0   0   0   0   0   0   0   0   0
    0   0   0   0   0   0   0   0   0   0   0   0   0   1   1   0   1   0
    0   0   0   0   0   0   0   0   0   0   0   0   0   0   0   0   0   0
    0   0   0   0   7   8   1   1  34   0   0   5   6   0   0   0   0   0
    0   0   0   0   0   0   0]
 [ 18   5   2   2   2   3   2   4   1   0   0   0   0   0   0   0   2   2
    1   0   1   1   0   0   0   0   0   1   2   2   0   0   0   0   0   0
    0   0   0   0   0   0   0   0   0   0   0   0   1   0   0   0   0   0
    0   0   0   0   0   0   0   0   0   0   0   0   0   0   0   0   0   0
    0   0   0   0   0   0   5   0   0  19   0   0   0   9   0   0   0   0
    0   0   0   0   0   0   0]
 [ 23   7   3   2   3   4   3   5   1   0   0   0   0   0   0   0   4   3
    1   0   1   0   0   0   0   0   0   1   1   2   0   0   0   0   1   0
    0   0   0   0   0   0   0   0   0   0   0   0   0   0   1   0   0   0
    0   0   0   0   0   0   0   0   0   0   0   0   0   0   0   0   0   0
    0   0   0   0   0   0   5   5   0   0  24   0   0   9   0   0   0   0
    0   0   0   0   0   0   0]
 [ 18   5   2   2   2   3   2   4   1   0   0   0   0   0   0   0   4   2
    1   0   1   1   0   0   0   0   0   1   1   0   0   0   0   0   0   0
    0   0   0   0   0   0   0   0   0   0   0   0   0   2   1   0   0   0
    0   0   0   0   0   0   0   0   0   0   0   0   0   0   0   0   0   0
    0   0   0   0   0   0   0   0   5   0   0  19   0   0   9   0   0   0
    0   0   0   0   0   0   0]
 [ 18   5   2   3   2   4   2   4   1   0   0   0   0   0   0   0   4   2
    1   0   1   0   0   0   0   0   0   1   1   0   0   0   0   0   0   0
    0   0   0   0   0   0   0   0   0   0   0   0   0   1   0   0   0   0
    0   0   0   1   0   0   0   0   0   0   0   0   0   0   0   0   0   0
    0   0   0   0   0   0   0   0   6   0   0   0  19   0   9   0   0   0
    0   0   0   0   0   0   0]
 [ 20   4   2   2   2   4   2   4   2   0   0   0   0   0   0   0   3   2
    2   0   2   0   0   0   0   0   0   2   2   1   0   0   0   0   0   0
    0   0   0   0   0   0   0   0   0   0   0   0   1   0   0   0   0   0
    0   0   0   0   0   0   0   0   0   0   0   0   0   0   0   0   0   0
    0   0   0   0   0   0   0   0   0   9   9   0   0  21   0   0   0   0
    0   0   0   0   0   0   0]
 [ 19   4   2   2   2   4   2   4   2   0   0   0   0   0   0   0   3   2
    2   0   2   0   0   0   0   0   0   2   2   0   0   0   0   0   0   0
    0   0   0   0   0   0   0   0   0   0   0   0   0   1   0   0   0   0
    0   0   0   0   0   0   0   0   0   0   0   0   0   0   0   0   0   0
    0   0   0   0   0   0   0   0   0   0   0   9   9   0  20   0   0   0
    0   0   0   0   0   0   0]
 [  8   2   0   2   0   3   0   2   0   0   0   0   0   0   0   0   1   0
    0   0   0   0   0   0   0   0   1   0   0   0   0   4   1   0   0   0
    0   0   0   0   0   0   0   0   0   0   0   0   0   0   0   0   0   0
    1   0   0   0   0   0   0   0   0   0   0   3   0   0   0   0   0   0
    0   0   0   0   0   0   0   0   0   0   0   0   0   0   0   9   0   0
    0   0   0   0   0   0   0]
 [  8   3   1   2   1   1   1   0   0   0   0   0   0   0   0   0   1   1
    1   0   0   0   0   0   0   0   0   1   1   0   0   0   0   0   0   0
    0   0   0   0   0   0   0   0   0   0   0   0   0   0   0   1   0   0
    0   0   0   0   0   0   0   0   0   0   0   0   0   0   0   1   0   0
    1   0   0   0   0   0   0   0   0   0   0   0   0   0   0   0   9   0
    5   0   0   0   0   0   0]
 [  7   3   1   1   0   1   1   0   0   0   0   0   0   0   0   0   1   1
    1   0   0   0   0   0   0   0   0   1   1   0   0   0   0   0   0   0
    0   0   0   0   0   0   0   0   0   0   0   0   0   0   0   1   0   0
    0   0   0   0   0   0   0   0   0   0   0   0   0   0   0   0   0   0
    1   0   0   0   0   0   0   0   0   0   0   0   0   0   0   0   0   8
    5   0   0   0   0   0   0]
 [ 15   6   2   1   0   2   2   1   0   0   0   0   0   0   0   0   3   2
    1   0   1   0   0   0   0   0   0   2   2   0   0   0   0   0   0   0
    0   0   0   0   0   0   0   0   0   0   0   0   0   0   2   0   0   0
    0   0   0   0   0   1   0   0   0   0   0   0   0   0   0   0   0   0
    0   0   0   0   0   0   0   0   0   0   0   0   0   0   0   0   5   5
   16   0   0   0   0   0   0]
 [  8   1   0   1   0   1   0   1   0   0   0   0   0   0   0   0   1   0
    0   0   1   0   0   0   0   0   0   1   0   1   0   0   0   1   0   0
    0   0   0   0   0   0   0   0   0   0   0   0   1   0   0   0   0   0
    0   0   0   0   0   0   0   0   0   0   0   0   0   0   0   0   0   0
    0   0   0   0   0   0   0   0   0   0   0   0   0   0   0   0   0   0
    0   9   0   0   0   0   0]
 [  7   1   0   1   0   1   0   1   0   0   0   0   0   0   0   0   1   0
    0   0   1   0   0   0   0   0   0   1   0   0   0   0   0   0   0   0
    0   0   0   0   0   0   0   0   0   0   0   0   0   1   0   0   0   0
    0   0   0   0   0   0   0   0   0   0   0   0   0   0   0   0   0   0
    0   0   0   0   0   0   0   0   0   0   0   0   0   0   0   0   0   0
    0   0   8   0   0   0   0]
 [ 14   2   0   2   0   2   0   2   0   0   0   0   0   0   0   0   3   0
    0   0   0   0   0   0   0   0   0   2   0   1   0   0   0   0   0   1
    0   0   0   0   0   0   0   0   0   0   0   0   0   0   0   0   0   0
    0   0   0   0   1   0   0   0   0   0   0   0   0   0   0   0   0   0
    0   0   0   0   0   0   0   0   0   0   0   0   0   0   0   0   0   0
    0   0   0  15   0   0   0]
 [  8   1   0   1   0   2   0   2   0   0   0   0   0   0   0   0   1   0
    0   0   0   0   0   0   0   0   0   0   0   0   0   0   0   0   0   0
    0   0   0   0   0   0   0   0   0   0   0   0   0   0   0   0   0   0
    0   0   0   0   0   0   0   0   0   0   0   0   0   0   0   0   0   0
    1   0   0   0   0   0   0   0   0   0   0   0   0   0   0   0   0   0
    0   0   0   0   9   0   0]
 [ 13   2   2   1   3  10   2   0   0   2   2   2   0   1   0   0   0   2
    3   2   0   0   0   0   0   0   0   0   0   0   0   0   0   0   0   0
    0   0   0   0   0   0   0   0   0   0   0   0   0   0   0   0   0   0
    0   0   0   0   0   0   0   0   0   0   0   0   0   0   0   0   0   0
    0   0   0   0   0   0   0   0   0   0   0   0   0   0   0   0   0   0
    0   0   0   0   0  12   0]
 [ 12   0   2   1   3   0   2   0   0   2   2   2   0   9   0   0   0   2
    3   3   0   0   0   0   0   2   0   0   0   0   0   0   0   0   0   0
    0   0   0   0   0   0   0   0   0   0   0   0   0   0   0   0   0   0
    0   0   0   0   0   0   0   0   0   0   0   0   0   0   0   0   0   0
    0   0   0   0   0   0   0   0   0   0   0   0   0   0   0   0   0   0
    0   0   0   0   0   0  13]]